"Version",2
"File Name","Loc Cal - BRU U6 A02 (2015-06-10) (06;27;09) W6 -0866--0586 FREE .dat"

"!Header Information"
"Station","Bruce"
"Unit",6
"Channel","A02"
"Pass","6"
"Face","West"
"ToolID","PN1213B"
"Probe","FREE"
"Date","2015-06-10"
"Time","06:27:09"
"StartPosition",-866
"EndPosition",-586
"MaxSpacers",4
"Orientation","Inlet"
"Mode","Locate"
"EndToolRotary",0
"InitialAxial",-876
"InitialRamOrFreeAxial",-912
"InitialMidAxial",0
"Number Of Data Channels",4

"!Channel Names"
"ChannelName1","LOCFREE3"
"ChannelName2","LOCFREE24"
"ChannelName3","GAP6FREE"
"ChannelName4","AXIALENCODER"

"!Calibration Constants"
"Gain3Khz",.75323684260005
"Phase3Khz",5.62974275734315
"Gain24Khz",1.81741221361608
"Phase24Khz",2.96298222131338
"GainGap6RamOrFree",.03
"PhaseGap6RamOrFree",3.1415926
"GainGap9RamOrFree",.03
"PhaseGap9RamOrFree",3.1415926
"GainGap6Mid",0
"PhaseGap6Mid",0
"GainGap9Mid",0
"PhaseGap9Mid",0
"GainMixed",.9528201747462
"PhaseMixed",3.88347570636821E-02

"!Encoder Resolution (mm/data point)",.5431
"!Pressure Offset (Encoder counts)",-2980
"!Pressure Gain (Percent per Encoder Count)",.0086
"!Gap Encoder Gain (mm / Encoder counts)",.005
"!Gap Encoder Physical Offset (mm)",1
"!Gap Sample Rate (Hz)",20

"!Number Of Data Points",517

"!You can add lines of text to this file here..."
"!Locate/Gap will read (and ignore) lines until !Data: is found!"

"!Data: Ch1X, Ch1Y, Ch2X, Ch2Y, Ch3X, Ch3Y, Ch4X, Ch4Y, Ch5X, Ch5Y, Ch6X, Ch6Y, Ch7X, Ch7Y"
-153,-426,-41,-17,-30,7,18,0
-163,-436,-45,-18,-29,9,19,0
-172,-443,-49,-20,-27,9,20,0
-186,-453,-48,-20,-24,11,21,0
-197,-460,-52,-21,-21,12,22,0
-206,-468,-56,-23,-19,12,23,0
-219,-472,-59,-22,-17,14,24,0
-225,-481,-62,-25,-15,15,25,0
-236,-481,-63,-26,-13,16,26,0
-246,-486,-67,-26,-10,17,27,0
-254,-492,-68,-28,-9,18,28,0
-263,-497,-72,-29,-7,19,29,0
-273,-499,-74,-29,-5,20,30,0
-283,-504,-77,-30,-3,20,31,0
-287,-510,-82,-31,-1,21,32,0
-293,-512,-84,-33,0,21,33,0
-301,-518,-86,-34,2,22,34,0
-306,-523,-89,-35,4,23,35,0
-311,-529,-93,-36,6,24,36,0
-316,-537,-93,-37,7,25,37,0
-316,-547,-97,-38,8,25,38,0
-317,-553,-100,-39,10,26,39,0
-321,-564,-99,-40,12,27,40,0
-321,-582,-104,-40,13,28,41,0
-322,-585,-105,-40,15,29,42,0
-318,-597,-109,-43,17,29,43,0
-316,-615,-109,-44,18,30,44,0
-311,-626,-113,-44,20,30,45,0
-305,-638,-113,-46,22,31,46,0
-302,-657,-117,-47,23,31,47,0
-297,-674,-120,-46,24,32,48,0
-286,-688,-122,-47,26,32,49,0
-276,-710,-122,-47,27,33,50,0
-267,-727,-123,-48,29,34,51,0
-255,-747,-125,-51,30,34,52,0
-243,-764,-126,-52,31,35,53,0
-231,-780,-131,-52,32,36,54,0
-210,-799,-132,-54,33,36,55,0
-198,-825,-134,-52,34,37,56,0
-183,-839,-135,-56,35,37,57,0
-165,-862,-135,-55,36,38,58,0
-148,-889,-135,-56,37,38,59,0
-128,-904,-139,-56,37,38,60,0
-106,-933,-140,-56,38,38,61,0
-91,-959,-141,-58,39,38,62,0
-62,-974,-143,-57,39,39,63,0
-45,-992,-143,-59,39,39,64,0
-21,-1017,-145,-59,40,40,65,0
2,-1037,-145,-60,41,40,66,0
27,-1069,-146,-60,42,41,67,0
51,-1090,-147,-62,42,41,68,0
69,-1108,-149,-62,42,41,69,0
96,-1130,-149,-62,43,42,70,0
121,-1156,-150,-64,43,42,71,0
146,-1169,-150,-63,43,42,72,0
172,-1193,-151,-63,43,43,73,0
189,-1218,-152,-66,43,43,74,0
217,-1238,-154,-66,43,43,75,0
238,-1258,-155,-67,43,42,76,0
258,-1286,-156,-68,43,42,77,0
288,-1304,-155,-67,42,42,78,0
311,-1331,-155,-66,42,43,79,0
333,-1347,-156,-66,41,43,80,0
361,-1368,-156,-70,41,42,81,0
379,-1381,-159,-70,41,42,82,0
401,-1407,-159,-71,40,42,83,0
418,-1424,-162,-71,39,42,84,0
442,-1439,-162,-72,39,42,85,0
464,-1463,-163,-72,38,42,86,0
479,-1480,-161,-72,37,42,87,0
503,-1499,-163,-73,36,42,88,0
520,-1512,-166,-75,35,42,89,0
540,-1517,-165,-75,35,42,90,0
555,-1540,-166,-74,34,42,91,0
576,-1551,-168,-76,33,42,92,0
591,-1563,-169,-75,32,41,93,0
603,-1576,-169,-75,32,41,94,0
614,-1586,-170,-75,31,41,95,0
627,-1592,-169,-76,30,41,96,0
642,-1596,-170,-76,29,40,97,0
654,-1599,-173,-77,29,40,98,0
663,-1596,-173,-79,28,40,99,0
675,-1602,-173,-75,27,41,100,0
677,-1602,-173,-79,26,41,101,0
684,-1598,-174,-79,26,41,102,0
684,-1596,-175,-77,25,41,103,0
691,-1590,-176,-78,24,41,104,0
694,-1586,-176,-77,23,41,105,0
696,-1571,-177,-77,23,41,106,0
695,-1558,-178,-78,22,41,107,0
689,-1541,-177,-77,22,41,108,0
689,-1533,-179,-78,21,41,109,0
687,-1516,-180,-77,21,41,110,0
682,-1496,-181,-75,20,41,111,0
670,-1477,-182,-76,19,41,112,0
661,-1452,-183,-75,19,41,113,0
654,-1431,-184,-77,18,41,114,0
645,-1409,-184,-77,18,40,115,0
631,-1377,-184,-77,18,40,116,0
613,-1347,-187,-76,18,40,117,0
591,-1325,-187,-76,17,40,118,0
576,-1290,-189,-74,16,40,119,0
563,-1259,-190,-74,16,40,120,0
540,-1232,-189,-74,15,40,121,0
517,-1203,-191,-73,15,41,122,0
491,-1163,-192,-72,15,41,123,0
469,-1124,-194,-71,14,40,124,0
447,-1090,-196,-72,14,40,125,0
416,-1053,-197,-71,14,40,126,0
386,-1018,-197,-71,13,40,127,0
359,-981,-200,-72,13,40,128,0
330,-945,-201,-70,12,40,129,0
294,-910,-202,-70,12,40,130,0
264,-873,-204,-71,11,40,131,0
225,-831,-204,-69,11,40,132,0
198,-793,-207,-69,11,40,133,0
161,-752,-209,-70,10,40,134,0
124,-711,-210,-69,10,40,135,0
86,-683,-212,-68,9,40,136,0
51,-634,-212,-67,9,40,137,0
18,-598,-213,-65,8,40,138,0
-18,-560,-216,-67,8,40,139,0
-55,-524,-216,-66,7,40,140,0
-93,-480,-217,-63,6,40,141,0
-131,-440,-219,-66,5,40,142,0
-168,-394,-220,-62,4,39,143,0
-199,-357,-221,-64,4,39,144,0
-240,-327,-223,-61,3,40,145,0
-272,-289,-222,-62,3,40,146,0
-306,-256,-224,-61,2,40,147,0
-337,-220,-225,-62,1,40,148,0
-374,-185,-226,-60,1,40,149,0
-410,-143,-226,-60,1,40,150,0
-439,-115,-228,-60,0,40,151,0
-465,-75,-229,-58,0,40,152,0
-496,-44,-228,-58,0,40,153,0
-526,-6,-227,-58,-1,39,154,0
-549,21,-229,-58,-1,39,155,0
-574,49,-227,-58,-1,39,156,0
-597,71,-228,-57,-2,39,157,0
-623,110,-229,-56,-2,39,158,0
-643,133,-227,-56,-2,39,159,0
-665,159,-228,-54,-2,39,160,0
-677,186,-227,-57,-3,38,161,0
-700,211,-226,-53,-3,38,162,0
-717,229,-226,-52,-3,38,163,0
-736,249,-226,-52,-2,38,164,0
-747,269,-222,-51,-2,39,165,0
-760,288,-223,-52,-1,39,166,0
-770,313,-221,-51,0,40,167,0
-783,324,-216,-49,1,40,168,0
-787,341,-216,-51,3,41,169,0
-795,349,-217,-50,5,42,170,0
-801,366,-213,-47,7,43,171,0
-810,372,-213,-47,9,43,172,0
-813,390,-210,-45,11,43,173,0
-817,387,-209,-47,12,44,174,0
-821,398,-209,-48,15,44,175,0
-818,403,-206,-45,17,45,176,0
-823,408,-204,-45,19,45,177,0
-820,412,-202,-45,21,45,178,0
-823,408,-199,-43,23,46,179,0
-817,406,-196,-42,25,46,180,0
-817,409,-195,-42,27,47,181,0
-811,414,-193,-42,29,47,182,0
-811,408,-191,-43,31,47,183,0
-802,408,-189,-40,32,48,184,0
-795,403,-187,-42,33,48,185,0
-788,408,-183,-40,35,48,186,0
-780,410,-181,-40,37,48,187,0
-776,400,-178,-39,38,49,188,0
-767,389,-176,-37,40,50,189,0
-757,381,-171,-36,41,50,190,0
-747,372,-169,-35,42,50,191,0
-744,365,-167,-33,43,50,192,0
-731,356,-165,-35,45,50,193,0
-724,346,-161,-32,46,51,194,0
-704,340,-158,-34,46,51,195,0
-696,336,-157,-31,47,51,196,0
-683,319,-153,-31,48,51,197,0
-675,305,-151,-32,49,52,198,0
-655,296,-147,-28,50,52,199,0
-644,276,-143,-29,50,51,200,0
-631,266,-143,-29,51,51,201,0
-622,253,-140,-26,51,51,202,0
-605,241,-137,-25,52,52,203,0
-594,220,-133,-26,52,52,204,0
-576,209,-131,-23,52,52,205,0
-564,195,-129,-25,52,52,206,0
-549,188,-125,-23,52,52,207,0
-535,165,-124,-21,52,52,208,0
-519,148,-120,-22,51,52,209,0
-499,130,-116,-21,51,52,210,0
-489,121,-115,-20,51,52,211,0
-474,100,-111,-19,50,52,212,0
-456,90,-109,-17,50,52,213,0
-443,73,-108,-17,49,52,214,0
-432,51,-105,-15,49,51,215,0
-412,32,-102,-15,48,51,216,0
-400,19,-100,-17,48,50,217,0
-386,-3,-97,-12,47,50,218,0
-377,-24,-96,-12,47,49,219,0
-355,-39,-93,-11,46,49,220,0
-343,-51,-94,-11,45,49,221,0
-325,-68,-91,-10,45,49,222,0
-319,-82,-90,-10,44,49,223,0
-307,-102,-89,-8,43,49,224,0
-294,-121,-88,-8,42,49,225,0
-279,-143,-86,-7,41,49,226,0
-266,-160,-85,-8,40,48,227,0
-251,-172,-84,-7,39,48,228,0
-242,-186,-85,-5,38,48,229,0
-231,-204,-86,-5,36,47,230,0
-221,-216,-87,-6,35,47,231,0
-207,-235,-85,-4,33,47,232,0
-194,-250,-86,-3,32,47,233,0
-181,-257,-89,-3,30,46,234,0
-174,-273,-90,-2,29,46,235,0
-160,-293,-91,-4,27,46,236,0
-145,-298,-93,-4,25,46,237,0
-132,-310,-95,-3,23,45,238,0
-126,-320,-96,-5,21,45,239,0
-110,-329,-101,-5,19,45,240,0
-96,-336,-102,-4,18,44,241,0
-80,-349,-106,-6,16,44,242,0
-73,-350,-110,-5,14,43,243,0
-58,-359,-116,-6,13,43,244,0
-45,-366,-121,-7,11,43,245,0
-24,-367,-128,-9,9,42,246,0
-13,-371,-132,-7,7,41,247,0
9,-364,-140,-8,6,41,248,0
17,-365,-143,-12,5,40,249,0
40,-369,-149,-11,4,40,250,0
53,-371,-161,-14,3,40,251,0
73,-361,-164,-13,2,39,252,0
90,-366,-174,-16,1,39,253,0
106,-361,-182,-18,0,38,254,0
128,-358,-189,-20,0,38,255,0
144,-350,-197,-22,0,38,256,0
165,-344,-205,-26,0,38,257,0
183,-333,-214,-27,0,37,258,0
198,-336,-222,-29,1,37,259,0
218,-326,-232,-29,1,37,260,0
243,-306,-241,-33,2,37,261,0
255,-298,-250,-37,3,37,262,0
273,-283,-259,-40,5,37,263,0
287,-270,-268,-41,6,37,264,0
308,-260,-279,-46,7,37,265,0
327,-244,-287,-49,8,37,266,0
341,-226,-298,-52,10,37,267,0
349,-213,-306,-55,11,37,268,0
364,-192,-315,-57,11,37,269,0
379,-175,-327,-62,12,38,270,0
386,-160,-336,-65,13,38,271,0
393,-139,-344,-70,13,38,272,0
399,-119,-352,-75,14,38,273,0
405,-103,-359,-78,15,38,274,0
410,-77,-366,-83,15,38,275,0
403,-57,-373,-86,16,38,276,0
394,-41,-378,-91,16,38,277,0
386,-23,-385,-95,16,38,278,0
374,-2,-387,-99,16,38,279,0
358,17,-393,-106,16,38,280,0
335,39,-393,-106,16,38,281,0
312,51,-394,-113,16,38,282,0
284,67,-395,-116,16,39,283,0
254,83,-390,-123,16,39,284,0
203,92,-386,-126,16,39,285,0
156,98,-380,-131,16,39,286,0
102,104,-373,-134,16,39,287,0
43,102,-362,-138,16,39,288,0
-20,105,-345,-142,17,39,289,0
-93,108,-332,-146,17,38,290,0
-174,88,-313,-148,17,38,291,0
-258,78,-292,-152,17,38,292,0
-332,64,-272,-152,17,38,293,0
-436,42,-246,-155,17,38,294,0
-542,10,-213,-155,17,37,295,0
-661,-20,-179,-155,16,37,296,0
-779,-72,-141,-156,16,37,297,0
-903,-111,-101,-155,16,37,298,0
-1034,-165,-56,-150,16,37,299,0
-1178,-233,-9,-149,16,37,300,0
-1316,-300,44,-141,16,38,301,0
-1469,-374,101,-137,16,38,302,0
-1626,-463,162,-126,16,38,303,0
-1787,-555,225,-118,16,38,304,0
-1951,-658,296,-105,16,38,305,0
-2120,-772,366,-93,16,38,306,0
-2283,-884,443,-78,16,38,307,0
-2422,-984,506,-66,16,38,308,0
-2593,-1115,587,-46,16,38,309,0
-2767,-1245,671,-28,16,39,310,0
-2943,-1395,761,-7,16,38,311,0
-3117,-1551,851,18,16,38,312,0
-3281,-1700,943,41,16,38,313,0
-3455,-1862,1036,69,16,38,314,0
-3617,-2024,1127,97,16,38,315,0
-3777,-2186,1220,126,16,38,316,0
-3931,-2353,1318,157,16,37,317,0
-4085,-2523,1416,192,16,37,318,0
-4237,-2692,1515,226,16,38,319,0
-4389,-2878,1614,260,16,38,320,0
-4526,-3056,1708,295,16,38,321,0
-4655,-3227,1804,332,16,37,322,0
-4763,-3365,1879,361,16,37,323,0
-4909,-3574,1990,404,16,37,324,0
-5023,-3739,2078,440,16,37,325,0
-5104,-3871,2150,470,16,37,326,0
-5206,-4031,2233,507,15,37,327,0
-5298,-4189,2316,542,15,36,328,0
-5387,-4343,2395,579,16,36,329,0
-5456,-4489,2468,612,16,36,330,0
-5524,-4628,2540,645,16,36,331,0
-5582,-4762,2605,675,16,36,332,0
-5638,-4882,2663,705,17,36,333,0
-5672,-4991,2717,731,17,37,334,0
-5701,-5101,2764,757,17,37,335,0
-5715,-5173,2797,773,17,37,336,0
-5729,-5252,2835,795,17,37,337,0
-5731,-5329,2868,814,18,36,338,0
-5732,-5392,2893,830,18,36,339,0
-5714,-5438,2909,845,18,36,340,0
-5690,-5481,2921,856,18,36,341,0
-5650,-5500,2925,864,18,36,342,0
-5604,-5505,2922,868,18,36,343,0
-5552,-5506,2913,874,19,36,344,0
-5488,-5492,2895,873,19,36,345,0
-5412,-5463,2873,868,19,36,346,0
-5328,-5430,2841,864,20,36,347,0
-5238,-5369,2805,854,20,36,348,0
-5161,-5316,2771,848,21,36,349,0
-5053,-5244,2720,835,21,36,350,0
-4918,-5143,2655,815,22,36,351,0
-4790,-5035,2594,799,22,36,352,0
-4660,-4918,2526,779,23,36,353,0
-4518,-4786,2452,758,24,36,354,0
-4367,-4651,2370,733,24,36,355,0
-4209,-4502,2282,708,25,35,356,0
-4038,-4331,2188,677,26,35,357,0
-3861,-4148,2089,647,27,35,358,0
-3676,-3971,1985,614,27,35,359,0
-3490,-3777,1874,579,28,36,360,0
-3325,-3609,1785,552,29,36,361,0
-3128,-3398,1668,515,30,36,362,0
-2918,-3171,1544,479,31,36,363,0
-2701,-2937,1416,438,32,36,364,0
-2480,-2711,1286,398,32,36,365,0
-2258,-2467,1157,360,32,36,366,0
-2028,-2214,1020,320,33,35,367,0
-1804,-1970,883,275,34,35,368,0
-1571,-1714,747,232,34,36,369,0
-1336,-1457,607,190,34,36,370,0
-1092,-1187,461,146,35,36,371,0
-849,-911,314,103,36,35,372,0
-650,-689,196,67,36,36,373,0
-410,-427,47,19,37,36,374,0
-163,-149,-96,-23,37,36,375,0
78,113,-244,-68,37,36,376,0
314,378,-387,-113,38,35,377,0
550,644,-529,-156,38,35,378,0
779,900,-670,-200,38,35,379,0
1007,1153,-807,-245,38,35,380,0
1242,1421,-949,-288,39,36,381,0
1470,1669,-1089,-330,39,36,382,0
1682,1909,-1220,-373,39,37,383,0
1899,2149,-1351,-412,39,37,384,0
2071,2340,-1457,-444,38,37,385,0
2277,2562,-1581,-484,36,37,386,0
2477,2787,-1702,-522,34,37,387,0
2671,2996,-1823,-562,32,38,388,0
2853,3196,-1936,-599,29,38,389,0
3036,3388,-2046,-634,26,38,390,0
3204,3573,-2150,-667,24,39,391,0
3358,3730,-2243,-697,21,39,392,0
3501,3883,-2330,-724,18,39,393,0
3648,4020,-2411,-747,14,40,394,0
3777,4151,-2490,-771,10,40,395,0
3902,4279,-2566,-796,6,40,396,0
4017,4395,-2637,-820,3,40,397,0
4136,4509,-2703,-840,0,40,398,0
4241,4600,-2765,-864,-2,41,399,0
4337,4681,-2816,-878,-4,41,400,0
4401,4737,-2853,-888,-5,41,401,0
4481,4796,-2895,-902,-6,41,402,0
4548,4826,-2928,-911,-7,41,403,0
4605,4857,-2954,-915,-7,41,404,0
4654,4869,-2975,-923,-7,41,405,0
4690,4871,-2987,-921,-7,41,406,0
4720,4862,-2993,-919,-7,42,407,0
4740,4849,-2997,-920,-7,42,408,0
4754,4809,-2988,-910,-7,42,409,0
4760,4770,-2976,-902,-7,42,410,0
4760,4718,-2957,-890,-7,42,411,0
4742,4642,-2932,-878,-7,42,412,0
4722,4567,-2902,-861,-7,43,413,0
4695,4481,-2864,-843,-7,43,414,0
4667,4398,-2828,-825,-7,43,415,0
4621,4295,-2782,-803,-7,43,416,0
4569,4180,-2726,-776,-7,44,417,0
4508,4047,-2666,-748,-7,44,418,0
4443,3908,-2604,-719,-8,44,419,0
4370,3769,-2538,-688,-8,44,420,0
4291,3624,-2468,-658,-7,43,421,0
4208,3486,-2396,-628,-7,43,422,0
4117,3326,-2318,-593,-7,43,423,0
4017,3162,-2238,-558,-7,43,424,0
3919,3005,-2154,-524,-7,43,425,0
3806,2834,-2065,-488,-7,43,426,0
3699,2664,-1981,-452,-7,43,427,0
3581,2500,-1891,-415,-7,43,428,0
3462,2318,-1797,-379,-7,43,429,0
3337,2148,-1704,-342,-7,43,430,0
3214,1984,-1613,-308,-7,43,431,0
3077,1804,-1519,-272,-7,44,432,0
2949,1636,-1424,-239,-7,44,433,0
2811,1465,-1330,-206,-8,44,434,0
2703,1326,-1252,-176,-7,44,435,0
2559,1156,-1163,-147,-7,45,436,0
2402,974,-1061,-111,-7,45,437,0
2294,850,-990,-88,-7,45,438,0
2163,706,-906,-63,-7,45,439,0
2026,558,-824,-38,-7,44,440,0
1892,425,-742,-14,-7,44,441,0
1762,289,-665,7,-7,45,442,0
1629,163,-589,30,-7,45,443,0
1496,31,-515,50,-7,45,444,0
1371,-77,-446,68,-7,44,445,0
1249,-189,-378,85,-7,44,446,0
1155,-275,-329,96,-6,44,447,0
1017,-395,-262,111,-6,44,448,0
909,-473,-205,121,-6,44,449,0
802,-555,-154,130,-7,44,450,0
702,-624,-105,140,-6,44,451,0
623,-678,-68,144,-6,44,452,0
522,-750,-25,152,-6,44,453,0
430,-814,12,156,-6,44,454,0
349,-861,50,161,-6,44,455,0
268,-913,82,163,-6,44,456,0
190,-949,110,165,-6,44,457,0
114,-982,138,168,-5,44,458,0
50,-1015,162,168,-5,44,459,0
-6,-1038,183,168,-5,43,460,0
-52,-1048,200,165,-4,43,461,0
-116,-1076,217,164,-4,43,462,0
-164,-1092,230,162,-3,44,463,0
-208,-1099,243,158,-3,44,464,0
-250,-1102,251,157,-3,44,465,0
-285,-1103,260,152,-3,44,466,0
-320,-1095,266,148,-3,44,467,0
-353,-1101,270,144,-3,44,468,0
-379,-1089,274,140,-3,44,469,0
-402,-1077,276,137,-2,44,470,0
-422,-1065,276,130,-2,44,471,0
-440,-1055,274,125,-2,44,472,0
-459,-1036,271,119,-2,43,473,0
-470,-1026,268,113,-1,43,474,0
-476,-1007,265,109,-2,43,475,0
-480,-995,257,105,-2,43,476,0
-491,-970,251,101,-1,42,477,0
-492,-948,246,95,-1,42,478,0
-494,-929,239,91,-1,42,479,0
-489,-903,232,85,-1,42,480,0
-487,-871,221,79,-1,42,481,0
-482,-856,215,75,-1,42,482,0
-482,-833,205,70,-1,43,483,0
-468,-809,196,65,0,43,484,0
-466,-788,186,62,0,43,485,0
-452,-759,177,55,0,43,486,0
-446,-733,166,51,0,43,487,0
-434,-713,156,48,0,43,488,0
-428,-702,146,42,0,43,489,0
-412,-665,136,39,0,43,490,0
-404,-659,126,34,0,42,491,0
-390,-634,116,30,0,42,492,0
-377,-603,108,26,0,42,493,0
-366,-587,97,24,0,42,494,0
-352,-574,89,21,0,41,495,0
-335,-547,77,17,0,41,496,0
-328,-533,70,14,0,41,497,0
-312,-512,60,12,0,41,498,0
-303,-492,53,8,0,41,499,0
-289,-487,41,8,0,41,500,0
-274,-463,34,3,0,41,501,0
-261,-447,26,1,0,40,502,0
-251,-436,18,-1,0,41,503,0
-239,-424,11,-3,1,40,504,0
-228,-409,2,-2,1,40,505,0
-217,-397,-5,-6,2,40,506,0
-211,-381,-11,-8,2,40,507,0
-196,-379,-19,-9,2,39,508,0
-186,-366,-25,-10,2,39,509,0
-182,-352,-30,-12,2,39,510,0
-172,-348,-36,-11,2,39,511,0
-162,-342,-44,-14,2,39,512,0
-151,-334,-48,-15,2,38,513,0
-147,-331,-54,-16,3,38,514,0
-141,-324,-60,-17,3,38,515,0
-130,-318,-63,-16,3,37,516,0
-127,-319,-68,-18,3,37,517,0
-127,-321,-74,-20,3,37,518,0
-116,-314,-77,-22,3,36,519,0
-118,-312,-83,-23,4,36,520,0
-110,-310,-87,-21,4,36,521,0
-104,-306,-90,-22,4,35,522,0
-103,-304,-93,-23,5,34,523,0
-101,-311,-97,-24,5,34,524,0
-94,-306,-102,-26,5,34,525,0
-94,-311,-106,-24,5,34,526,0
-88,-308,-107,-25,5,33,527,0
-88,-313,-109,-27,6,33,528,0
-85,-312,-114,-28,6,33,529,0
-87,-317,-117,-29,6,32,530,0
-84,-322,-117,-28,6,31,531,0
-85,-325,-120,-29,6,31,532,0
-81,-327,-122,-29,5,30,533,0
-85,-334,-123,-31,6,31,534,0

